0.660623 0.318999 0.679571 1 -0.734319 0.561095 -0.382031 1 -0.768765 -0.601603 0.216966 1 0.688782 -0.224959 -0.689182 1 
0.7857 0.00760447 0.618561 1 -0.377345 -0.7837 0.493382 1 -0.38605 0.917445 -0.0962302 1 -0.29046 0.0918092 -0.952473 1 
-0.200056 -0.83742 -0.50863 1 0.582195 -0.359269 0.729367 1 -0.51136 0.720025 0.469122 1 0.256066 0.0302094 -0.966187 1 
-0.335169 -0.814549 -0.473468 1 0.579344 0.495583 0.647115 1 0.393488 0.687741 -0.610066 1 -0.744678 -0.53537 0.398539 1 
-0.482155 -0.741103 0.467218 1 -0.240684 0.779019 -0.578965 1 -0.38309 -0.410839 0.827317 1 0.857584 -0.510324 0.064176 1 
-0.249635 0.957706 -0.143115 1 0.672588 0.223208 -0.705552 1 -0.170016 -0.968691 0.180921 1 -0.365848 -0.636077 0.679383 1 
-0.634692 -0.0211092 -0.772477 1 -0.0202157 0.948289 0.316765 1 0.951127 -0.239179 0.195324 1 -0.052735 -0.981511 0.184 1 
-0.911737 -0.362145 -0.193874 1 0.721109 0.545797 -0.42674 1 -0.949985 -0.0171264 -0.311824 1 0.652133 -0.199478 0.73139 1 
0.664807 -0.645712 0.375616 1 0.817667 -0.491564 -0.299643 1 -0.39936 0.808005 0.433175 1 -0.884729 0.19837 -0.421786 1 
-0.514957 -0.177244 -0.838692 1 0.848518 -0.0235239 0.528643 1 -0.713232 -0.193641 0.67365 1 0.21721 0.339374 -0.915229 1 
